x=[148.96 96.67 119.51 110.47
    152.97 130.45 114.26 85.67
    152.89 85.66 141.45 105.75
    ];



